0       001376
1       871478
2       300503
3       300539
4       301368
5       873593
6       430510
7       300913
8       300210
9       300276
10      831445
11      688160
12      301255
13      688218
14      300549
15      300606
16      688328
17      301550
18      430425
19      603390
20      603767
21      002031
22      603567
23      002576
24      603488
25      603015
26      002931
27      603266
28      002981
29      603153
30      001266
31      603929
32      603163
33      600592
34      002892
35      002888
36      002313
37      603662
38      002518
39      002151
40      002896
41      603528
42      603729
43      002009
44      603089
45      600130
46      300165
47      300660
48      301261
49      831906
50      300007
51      300502
52      688686
53      301083
54      002456
55      831627
56      601901
57      688667
58      688017
59      300403
60      002119
61      600775
62      688322
63      301328
64      301168
65      688066
66      688262
67      688279
68      300044
69      688255
70      002747
71      002413
72      300341
73      002527
74      002465
75      300607
76      600186
77      836675
78      300580
79      688512
80      688662
81      300461
82      603728
83      688698
84      688125
85      603667
86      301282
87      688260
88      832491
89      300280
90      688195
91      688084
92      300904
93      430418
94      301312
95      300645
96      301137
97      600580
98      300378
99      300024
100     300466
101     605086
102     002957
103     603416
104     300126
105     688320
106     300169
107     688383
108     600238
109     300112
110     002979
111     301525
112     300258
113     600435
114     688408
115     301503
116     837663
117     000837
118     831278
119     600118
120     603069
121     301042
122     603666
123     002846
124     688472
125     605117
126     300416
127     688232
128     603278
129     688582
130     688661
131     301298
132     688395
133     688668
134     603915
135     301510
136     688244
137     300964
138     603305
139     301279
140     600761
141     002795
142     300718
143     688165
144     688789
145     688270
146     002196
147     688611
148     688061
149     688099
150     601595
151     301112
152     688306
153     688048
154     301199
155     300884
156     688173
157     688400
158     300287
159     688359
160     300802
161     688590
162     002472
163     002334
164     688090
165     688135
166     688343
167     002139
168     301023
169     300680
170     688376
171     300973
172     002410
173     002335
174     605376
175     300193
176     002692
177     688693
178     000046
179     688207
180     002535
181     688580
182     000752
183     002592
184     301398
185     688409
186     688211
187     300222
188     600129
189     688498
190     300570
191     870976
192     688697
193     605389
194     603489
195     603855
196     300817
197     000795
198     688362
199     688768
200     002921
201     605186
202     000818
203     600816
204     605266
205     603275
206     002484
207     300508
208     603603
209     603061
210     603313
211     688111
212     300308
213     688095
214     688248
215     601689
216     300472
217     688515
218     000503
219     600456
220     300611
221     002851
222     688296
223     300136
224     300602
225     300809
226     301053
227     300274
228     688229
229     688577
230     688022
231     300382
232     300857
233     002724
234     300515
235     300488
236     300177
237     300415
238     603358
239     300747
240     301106
241     605222
242     301213
243     301050
244     688305
245     002975
246     300780
247     300161
248     300446
249     603895
250     688191
251     301079
252     837592
253     688360
254     688311
255     002553
256     300124
257     002897
258     300726
259     603298
260     688080
261     301129
262     000860
263     301499
264     603486
265     600345
266     301310
267     688213
268     003025
269     603933
270     002913
271     600343
272     300667
273     688429
274     002006
275     688001
276     688390
277     300101
278     600560
279     688595
280     300689
281     603958
282     002046
283     688052
284     300115
285     002520
286     002338
287     603936
288     300065
289     300939
290     600363
291     002881
292     300827
293     300543
294     839493
295     688501
296     300278
297     603883
298     688435
299     688378
300     688557
301     300835
302     603036
303     301138
304     002513
305     688610
306     300486
307     001314
308     688070
309     300129
310     603289
311     688591
312     605060
313     301251
314     603203
315     688531
316     300400
317     688371
318     688600
319     688358
320     688312
321     688687
322     300836
323     002689
324     000988
325     300787
326     688115
327     688539
328     300971
329     002559
330     688380
331     002877
332     603960
333     002184
334     688639
335     301315
336     301386
337     688079
338     300615
339     001896
340     688592
341     600215
342     688318
343     002351
344     300853
345     003021
346     301155
347     002050
348     002708
349     300928
350     872953
351     688419
352     688251
353     300053
354     300270
355     301512
356     002885
357     688150
358     603529
359     002238
360     002698
361     688711
362     688033
363     301007
364     688379
365     300711
366     688152
367     688646
368     688499
369     688143
370     603893
371     002164
372     688102
373     301067
374     688385
375     688092
376     688003
377     603939
378     301379
379     000561
380     002848
381     300183
382     300548
383     301372
384     688719
385     688702
386     688558
387     600071
388     002829
389     002236
390     688521
391     000516
392     301320
393     833394
394     301311
395     688206
396     688107
397     301226
398     688018
399     603063
400     300394
401     002347
402     301012
403     300180
404     688458
405     300553
406     603879
407     002587
408     688023
409     603303
410     002925
411     688678
412     688489
413     688496
414     300353
415     688689
416     002963
417     301000
418     603160
419     688028
420     300421
421     300389
422     301528
423     000712
424     601717
425     003029
426     300799
427     300822
428     603300
429     603859
430     002232
431     300620
432     603882
433     301511
434     688620
435     603308
436     603611
437     000922
438     603966
439     603129
440     871694
441     002362
442     603920
443     002315
444     300638
445     000821
446     002583
447     002984
448     603638
449     301302
450     300256
451     601882
452     688351
453     003031
454     688480
455     688699
456     603228
457     301163
458     300600
459     002821
460     002801
461     603606
462     688663
463     688110
464     300572
465     603076
466     688010
467     688175
468     300946
469     603997
470     688568
471     301041
472     301338
473     688549
474     688696
475     300968
476     871981
477     688776
478     301391
479     300700
480     300916
481     002097
482     301239
483     688170
484     603016
485     300814
486     300789
487     688282
488     002180
489     688573
490     301329
491     603569
492     300520
493     300398
494     688172
495     605589
496     300283
497     688576
498     300322
499     002251
500     688401
501     603218
502     688381
503     688450
504     688671
505     300098
506     688208
507     688551
508     301135
509     300701
510     300034
511     688777
512     301272
513     002403
514     301162
515     688127
516     001339
517     603899
518     301125
519     301132
520     603348
521     688197
522     688677
523     002230
524     603131
525     300793
526     300489
527     002599
528     002645
529     000657
530     002068
531     300880
532     603039
533     002276
534     001269
535     300590
536     600990
537     300151
538     301070
539     301421
540     301278
541     603032
542     600378
543     300349
544     301325
545     301120
546     002079
547     301418
548     301266
549     300808
550     688031
551     600460
552     300076
553     300720
554     688366
555     300763
556     688633
557     603656
558     002952
559     601133
560     300838
561     600243
562     300410
563     688216
564     300484
565     603171
566     002541
567     603583
568     300447
569     300691
570     300925
571     300080
572     002406
573     002090
574     688335
575     300397
576     002231
577     831152
578     002833
579     002367
580     300685
581     688655
582     600184
583     688088
584     301035
585     000925
586     688307
587     688200
588     688478
589     300767
590     300373
591     002774
592     688420
593     688290
594     688055
595     601100
596     300693
597     301456
598     300512
599     688133
600     603396
601     688529
602     603712
603     002339
604     300088
605     603876
606     300454
607     300469
608     301273
609     603628
610     002446
611     688589
612     301183
613     002815
614     002214
615     688588
616     688337
617     002595
618     002623
619     300907
620     300532
621     002706
622     688793
623     688682
624     300479
625     603660
626     300672
627     002438
628     603320
629     002837
630     301028
631     600835
632     301500
633     000615
634     301399
635     300307
636     300684
637     688787
638     688112
639     301180
640     002421
641     301533
642     603280
643     603863
644     002841
645     300229
646     603088
647     688560
648     300768
649     688277
650     300316
651     300594
652     688622
653     301285
654     600172
655     001255
656     688503
657     300260
658     603599
659     300476
660     688056
661     688002
662     600225
663     301210
664     000157
665     603125
666     688522
667     688261
668     300713
669     688788
670     300613
671     300629
672     601698
673     688132
674     688113
675     301362
676     001268
677     688281
678     000576
679     002512
680     301353
681     301187
682     300244
683     301248
684     300587
685     001373
686     603848
687     300441
688     600446
689     600226
690     603090
691     688256
692     688286
693     600696
694     688559
695     300490
696     688508
697     688507
698     600599
699     688201
700     688518
701     605259
702     688339
703     002073
704     603081
705     603193
706     605488
707     301357
708     688039
709     300903
710     002876
711     002402
712     300751
713     301260
714     600570
715     603328
716     000600
717     605118
718     688629
719     601519
720     688128
721     300420
722     300906
723     300077
724     002908
725     000425
726     000034
727     600501
728     301205
729     300812
730     000593
731     688239
732     002227
733     300563
734     301006
735     002281
736     002434
737     603025
738     603135
739     300557
740     688448
741     300537
742     301232
743     300213
744     301229
745     002384
746     603896
747     837748
748     300445
749     601369
750     300208
751     300438
752     002209
753     688475
754     688619
755     688093
756     002859
757     300491
758     002283
759     301517
760     300188
761     300414
762     300184
763     688325
764     600590
765     300068
766     688361
767     300504
768     002483
769     002199
770     301369
771     605305
772     300897
773     300279
774     300953
775     688330
776     300056
777     002970
778     300442
779     603217
780     002288
781     688060
782     002967
783     688077
784     688138
785     300978
786     688375
787     002943
788     603324
789     688190
790     603191
791     688326
792     300092
793     603290
794     873576
795     603986
796     002845
797     002548
798     300451
799     688598
800     603617
801     301165
802     688455
803     688327
804     301330
805     300327
806     301319
807     300617
808     000856
809     000810
810     300227
811     002008
812     300596
813     300011
814     688027
815     688333
816     300458
817     603551
818     688391
819     300682
820     600360
821     605358
822     603315
823     603106
824     688041
825     002579
826     605277
827     688037
828     002248
829     002990
830     688035
831     300358
832     300493
833     600165
834     000584
835     605011
836     300707
837     301337
838     300739
839     688657
840     001270
841     000678
842     605088
843     002405
844     300430
845     300201
846     300366
847     301559
848     301153
849     688083
850     300671
851     600151
852     300865
853     002217
854     300624
855     300253
856     300245
857     688162
858     600288
859     601615
860     300670
861     601869
862     688230
863     002002
864     002273
865     300131
866     688718
867     300269
868     000901
869     688612
870     300585
871     688523
872     002373
873     603819
874     601231
875     300074
876     603211
877     002121
878     001223
879     300045
880     000733
881     002685
882     688392
883     688130
884     688276
885     300514
886     300232
887     001332
888     002906
889     300306
890     832419
891     688299
892     688398
893     603867
894     300986
895     002453
896     301488
897     002850
898     002254
899     002568
900     600183
901     301005
902     688599
903     688567
904     603738
905     600421
906     002526
907     600552
908     000977
909     836221
910     600237
911     835670
912     002681
913     603261
914     688569
915     301082
916     688228
917     002459
918     300965
919     300868
920     600161
921     301378
922     300935
923     600860
924     301170
925     301486
926     300678
927     300724
928     603901
929     003028
930     002366
931     300627
932     603339
933     301202
934     603686
935     301107
936     301117
937     301469
938     002691
939     000400
940     300706
941     603809
942     603179
943     600366
944     300605
945     688287
946     603097
947     002491
948     301388
949     300690
950     832885
951     603040
952     002534
953     300847
954     688167
955     600867
956     002819
957     688517
958     600702
959     301161
960     300036
961     603297
962     300625
963     002414
964     603701
965     000682
966     603989
967     300936
968     002865
969     300041
970     002544
971     300879
972     688353
973     000586
974     301195
975     300991
976     300828
977     300932
978     301361
979     835185
980     688609
981     600330
982     301367
983     301314
984     002765
985     688047
986     603565
987     002149
988     600032
989     603898
990     300223
991     002560
992     688700
993     003038
994     688081
995     300154
996     002331
997     300109
998     688593
999     603690
1000    600391
1001    301181
1002    688148
1003    301327
1004    300896
1005    002667
1006    600498
1007    688108
1008    300943
1009    002182
1010    000539
1011    300271
1012    600563
1013    300803
1014    000547
1015    688265
1016    300662
1017    300598
1018    600562
1019    600355
1020    300211
1021    601890
1022    688516
1023    300487
1024    300480
1025    688233
1026    603011
1027    002444
1028    300748
1029    300411
1030    688168
1031    301043
1032    301419
1033    603610
1034    301200
1035    002611
1036    002523
1037    300950
1038    002962
1039    002993
1040    688525
1041    300433
1042    002529
1043    688570
1044    605588
1045    301123
1046    600685
1047    300323
1048    688181
1049    603169
1050    301259
1051    688586
1052    603685
1053    300593
1054    300742
1055    300555
1056    301063
1057    002965
1058    300666
1059    600114
1060    301359
1061    301307
1062    301252
1063    831832
1064    603192
1065    002890
1066    688183
1067    002946
1068    833533
1069    688292
1070    300875
1071    300894
1072    688011
1073    300432
1074    300743
1075    603027
1076    300852
1077    600199
1078    603066
1079    300303
1080    688329
1081    600718
1082    300582
1083    301121
1084    603970
1085    603578
1086    688552
1087    300757
1088    001696
1089    001229
1090    301185
1091    688226
1092    300263
1093    688690
1094    688202
1095    603118
1096    688800
1097    688030
1098    688273
1099    301396
1100    002916
1101    300099
1102    605196
1103    300118
1104    300628
1105    688707
1106    300017
1107    688681
1108    301016
1109    002935
1110    600894
1111    002835
1112    688388
1113    001324
1114    002980
1115    603288
1116    300851
1117    600478
1118    002268
1119    300402
1120    301377
1121    688210
1122    002641
1123    300509
1124    603508
1125    603700
1126    600271
1127    603208
1128    688602
1129    002690
1130    002380
1131    002026
1132    301326
1133    002606
1134    688313
1135    300050
1136    002557
1137    300093
1138    603959
1139    688078
1140    688410
1141    688623
1142    688350
1143    300575
1144    002972
1145    688323
1146    605058
1147    002651
1148    600458
1149    600234
1150    002912
1151    688733
1152    300876
1153    688147
1154    605133
1155    688659
1156    605020
1157    300696
1158    001298
1159    300722
1160    301045
1161    688386
1162    300205
1163    003033
1164    300096
1165    002112
1166    603816
1167    688268
1168    002660
1169    000020
1170    688105
1171    300095
1172    688237
1173    603330
1174    688432
1175    603595
1176    002290
1177    002953
1178    688288
1179    300462
1180    300033
1181    688355
1182    002585
1183    300870
1184    603060
1185    300369
1186    300320
1187    603938
1188    603380
1189    688630
1190    301295
1191    002161
1192    002178
1193    603626
1194    688269
1195    300647
1196    600882
1197    002664
1198    872808
1199    603421
1200    300352
1201    002426
1202    689009
1203    002203
1204    600416
1205    301133
1206    000969
1207    300842
1208    300752
1209    301039
1210    301021
1211    002868
1212    300008
1213    002436
1214    603100
1215    688352
1216    873726
1217    300837
1218    688158
1219    300656
1220    688227
1221    301376
1222    603693
1223    688073
1224    002025
1225    301218
1226    688225
1227    603026
1228    002987
1229    300623
1230    833427
1231    600967
1232    600586
1233    002249
1234    838701
1235    688636
1236    603890
1237    301208
1238    000066
1239    300969
1240    300550
1241    000913
1242    688291
1243    002101
1244    002055
1245    301157
1246    002649
1247    600963
1248    002643
1249    300885
1250    002866
1251    300346
1252    300018
1253    301292
1254    603033
1255    300910
1256    000811
1257    688372
1258    000766
1259    300384
1260    002428
1261    603501
1262    830896
1263    300179
1264    300393
1265    833266
1266    300296
1267    603589
1268    300423
1269    300059
1270    000970
1271    605166
1272    603173
1273    688231
1274    603730
1275    300597
1276    300960
1277    300882
1278    688188
1279    870299
1280    300262
1281    600843
1282    601038
1283    601177
1284    300996
1285    688680
1286    301225
1287    603678
1288    603052
1289    300248
1290    300540
1291    603383
1292    688280
1293    688131
1294    002376
1295    300657
1296    300951
1297    300516
1298    600298
1299    688215
1300    300371
1301    600770
1302    600262
1303    002823
1304    002613
1305    688283
1306    600160
1307    601888
1308    603233
1309    605289
1310    003004
1311    000063
1312    830799
1313    000519
1314    603159
1315    300637
1316    002610
1317    002879
1318    002153
1319    600285
1320    003022
1321    603012
1322    002063
1323    600992
1324    002983
1325    000997
1326    830809
1327    688631
1328    300772
1329    603601
1330    688766
1331    300527
1332    002241
1333    002478
1334    002015
1335    301178
1336    002129
1337    301056
1338    300790
1339    300252
1340    002401
1341    002777
1342    300708
1343    300134
1344    835305
1345    300831
1346    688778
1347    300084
1348    603279
1349    001287
1350    301040
1351    603345
1352    603596
1353    688021
1354    300195
1355    688301
1356    002676
1357    301169
1358    300046
1359    300001
1360    603259
1361    603236
1362    603398
1363    000528
1364    300348
1365    688205
1366    600536
1367    301046
1368    603212
1369    300745
1370    600011
1371    605333
1372    603187
1373    001336
1374    000936
1375    300956
1376    688368
1377    300826
1378    002938
1379    002369
1380    301529
1381    002779
1382    601666
1383    688072
1384    300424
1385    688053
1386    603733
1387    300586
1388    688015
1389    600875
1390    002150
1391    603757
1392    002156
1393    300259
1394    002197
1395    002600
1396    300170
1397    301446
1398    605377
1399    300931
1400    601908
1401    301428
1402    300354
1403    001256
1404    002766
1405    002424
1406    301322
1407    688139
1408    000636
1409    603588
1410    300804
1411    002860
1412    600847
1413    603801
1414    300448
1415    688004
1416    603517
1417    688169
1418    601567
1419    605123
1420    300992
1421    002272
1422    000862
1423    688651
1424    603906
1425    002961
1426    002138
1427    001338
1428    301332
1429    300779
1430    688025
1431    300922
1432    603806
1433    688601
1434    832978
1435    600481
1436    002733
1437    838924
1438    688258
1439    002718
1440    832662
1441    301026
1442    600152
1443    300923
1444    002572
1445    688146
1446    688627
1447    002467
1448    300719
1449    300455
1450    300705
1451    603316
1452    832469
1453    301198
1454    002703
1455    600192
1456    688536
1457    001236
1458    601965
1459    603109
1460    300632
1461    002547
1462    000889
1463    301152
1464    600818
1465    603869
1466    603270
1467    002803
1468    002915
1469    300345
1470    300075
1471    002922
1472    002346
1473    001360
1474    603580
1475    300150
1476    301002
1477    002222
1478    002635
1479    301515
1480    600855
1481    300686
1482    830779
1483    600872
1484    300938
1485    688387
1486    300314
1487    834058
1488    603255
1489    603017
1490    601218
1491    600675
1492    688556
1493    300900
1494    603789
1495    000601
1496    603018
1497    300843
1498    300985
1499    300998
1500    600059
1501    300576
1502    300102
1503    301197
1504    688051
1505    002120
1506    300559
1507    688100
1508    688058
1509    301383
1510    300556
1511    603165
1512    001260
1513    688526
1514    600176
1515    002686
1516    300435
1517    003036
1518    300565
1519    688008
1520    600103
1521    002701
1522    300510
1523    600876
1524    002927
1525    605218
1526    300496
1527    600602
1528    688016
1529    688038
1530    688209
1531    833943
1532    300546
1533    603105
1534    002291
1535    301348
1536    688685
1537    002475
1538    002449
1539    603008
1540    688363
1541    601606
1542    002409
1543    300066
1544    605089
1545    300408
1546    603379
1547    603829
1548    300360
1549    688186
1550    603022
1551    002057
1552    301051
1553    601012
1554    300881
1555    300777
1556    831526
1557    600171
1558    601058
1559    600970
1560    603718
1561    300980
1562    002408
1563    301518
1564    688109
1565    600651
1566    300395
1567    600588
1568    688006
1569    603758
1570    301303
1571    301015
1572    688608
1573    688618
1574    301507
1575    601126
1576    600302
1577    300930
1578    300185
1579    688485
1580    603500
1581    000045
1582    002867
1583    002189
1584    300460
1585    300902
1586    002463
1587    688511
1588    600764
1589    300317
1590    300554
1591    600480
1592    002265
1593    002396
1594    002134
1595    600783
1596    688596
1597    300816
1598    430685
1599    300604
1600    600072
1601    688234
1602    603800
1603    873305
1604    301370
1605    300417
1606    603268
1607    688045
1608    603659
1609    601222
1610    301267
1611    301191
1612    000049
1613    838670
1614    688069
1615    603519
1616    603499
1617    600135
1618    301058
1619    000995
1620    002880
1621    000983
1622    301235
1623    601619
1624    301176
1625    603360
1626    300407
1627    688403
1628    688628
1629    300048
1630    300982
1631    300386
1632    601865
1633    300347
1634    301068
1635    603068
1636    600579
1637    688315
1638    300517
1639    002552
1640    002727
1641    688259
1642    688479
1643    603917
1644    300769
1645    002048
1646    300457
1647    002918
1648    688141
1649    688519
1650    603111
1651    300800
1652    301182
1653    300833
1654    600817
1655    603378
1656    300712
1657    301390
1658    688597
1659    688365
1660    301141
1661    831856
1662    600577
1663    300069
1664    301179
1665    603070
1666    300839
1667    001368
1668    300988
1669    300560
1670    301293
1671    300364
1672    605081
1673    300368
1674    688171
1675    301288
1676    301072
1677    002441
1678    603773
1679    002250
1680    002909
1681    300120
1682    832735
1683    603711
1684    600879
1685    002741
1686    300062
1687    000950
1688    603185
1689    301061
1690    300281
1691    000536
1692    688772
1693    300285
1694    600268
1695    301192
1696    301212
1697    300173
1698    300340
1699    002350
1700    603209
1701    301360
1702    300733
1703    600850
1704    001282
1705    300380
1706    688669
1707    603083
1708    300355
1709    003012
1710    603186
1711    301309
1712    600933
1713    836871
1714    603698
1715    300220
1716    600207
1717    688223
1718    688502
1719    002065
1720    000972
1721    300241
1722    000989
1723    002853
1724    002694
1725    000016
1726    601360
1727    300825
1728    300236
1729    605056
1730    600405
1731    688716
1732    002430
1733    688543
1734    300845
1735    688798
1736    001208
1737    688439
1738    002730
1739    002884
1740    600610
1741    300374
1742    688257
1743    300774
1744    000409
1745    603190
1746    603719
1747    688271
1748    300166
1749    300959
1750    300595
1751    688347
1752    301429
1753    688114
1754    836720
1755    002546
1756    300443
1757    603663
1758    300589
1759    688332
1760    300984
1761    301373
1762    000617
1763    000690
1764    300171
1765    600010
1766    430556
1767    000677
1768    002036
1769    000065
1770    833751
1771    688638
1772    002625
1773    688416
1774    688184
1775    301118
1776    600558
1777    600493
1778    600277
1779    837006
1780    603286
1781    688561
1782    601311
1783    002653
1784    002674
1785    688246
1786    688377
1787    600148
1788    301020
1789    300530
1790    603868
1791    301086
1792    300141
1793    688187
1794    301297
1795    301048
1796    605286
1797    688533
1798    300305
1799    300538
1800    003019
1801    688199
1802    002243
1803    002893
1804    002130
1805    002310
1806    300500
1807    301076
1808    002284
1809    688625
1810    301206
1811    300634
1812    600299
1813    002487
1814    603680
1815    000801
1816    603389
1817    002056
1818    002937
1819    600523
1820    603126
1821    300676
1822    002729
1823    300567
1824    300155
1825    002099
1826    605068
1827    688285
1828    600885
1829    688571
1830    600522
1831    688367
1832    300168
1833    301177
1834    600392
1835    002809
1836    603057
1837    000416
1838    601456
1839    300886
1840    600869
1841    300057
1842    601108
1843    002255
1844    603657
1845    603115
1846    300730
1847    002049
1848    688219
1849    300531
1850    600111
1851    601886
1852    300716
1853    300915
1854    603948
1855    300377
1856    300035
1857    002582
1858    603281
1859    000962
1860    603786
1861    600202
1862    600487
1863    300085
1864    871642
1865    300962
1866    300755
1867    002601
1868    600550
1869    600353
1870    002085
1871    600616
1872    600009
1873    600206
1874    301158
1875    300511
1876    600519
1877    300976
1878    836077
1879    601226
1880    002368
1881    300162
1882    000707
1883    600703
1884    300872
1885    002323
1886    300566
1887    603321
1888    000968
1889    301263
1890    002760
1891    300207
1892    000938
1893    600537
1894    605566
1895    603112
1896    002861
1897    603429
1898    688062
1899    688425
1900    603577
1901    002745
1902    000738
1903    832110
1904    001322
1905    688122
1906    301148
1907    300130
1908    603579
1909    002115
1910    300230
1911    300376
1912    834033
1913    300324
1914    000021
1915    600667
1916    301071
1917    002531
1918    301397
1919    301299
1920    300927
1921    002831
1922    688118
1923    600197
1924    002644
1925    002429
1926    300738
1927    000823
1928    000403
1929    603527
1930    600316
1931    300525
1932    300898
1933    300955
1934    300810
1935    301100
1936    002294
1937    300811
1938    835985
1939    000875
1940    838837
1941    688345
1942    301203
1943    688155
1944    301323
1945    600169
1946    000589
1947    002960
1948    002126
1949    603283
1950    002017
1951    600741
1952    688509
1953    300471
1954    603822
1955    002058
1956    002928
1957    002194
1958    301380
1959    603977
1960    688484
1961    600615
1962    600110
1963    300725
1964    688097
1965    301233
1966    300419
1967    600389
1968    601137
1969    300547
1970    002185
1971    600779
1972    835892
1973    300801
1974    600958
1975    600745
1976    300626
1977    002125
1978    603556
1979    601399
1980    300091
1981    688603
1982    688032
1983    002326
1984    873122
1985    300905
1986    002757
1987    601699
1988    600323
1989    600438
1990    301032
1991    300523
1992    603256
1993    601199
1994    300470
1995    688585
1996    003008
1997    000062
1998    301099
1999    000422
2000    300775
2001    002857
2002    301009
2003    001231
2004    002206
2005    600809
2006    300818
2007    603267
2008    002776
2009    001286
2010    688348
2011    600381
2012    002507
2013    603206
2014    603993
2015    300295
2016    300717
2017    002152
2018    002929
2019    688129
2020    000703
2021    603811
2022    603755
2023    002991
2024    688126
2025    603215
2026    002824
2027    002218
2028    000799
2029    000099
2030    002439
2031    601788
2032    603085
2033    301018
2034    300674
2035    002617
2036    603019
2037    000777
2038    600635
2039    603078
2040    301439
2041    603002
2042    603322
2043    603968
2044    300153
2045    002355
2046    000004
2047    300456
2048    836504
2049    600980
2050    605005
2051    000951
2052    603998
2053    605208
2054    688029
2055    002669
2056    603881
2057    601801
2058    688235
2059    600259
2060    601608
2061    600838
2062    600601
2063    002352
2064    605258
2065    600031
2066    603987
2067    688063
2068    603618
2069    301105
2070    300497
2071    300862
2072    834062
2073    600233
2074    002301
2075    301013
2076    000903
2077    600367
2078    688159
2079    300481
2080    000688
2081    300866
2082    300079
2083    603927
2084    002448
2085    300721
2086    300142
2087    603326
2088    603703
2089    601059
2090    002190
2091    605555
2092    300363
2093    002327
2094    300895
2095    002738
2096    600728
2097    600004
2098    603260
2099    301305
2100    002597
2101    000993
2102    301238
2103    688722
2104    688660
2105    600854
2106    002787
2107    600198
2108    600150
2109    000996
2110    301318
2111    600756
2112    688120
2113    600587
2114    300140
2115    300535
2116    600101
2117    600927
2118    300782
2119    002173
2120    301217
2121    300200
2122    002167
2123    603687
2124    300609
2125    002655
2126    002023
2127    605268
2128    002452
2129    002093
2130    688026
2131    002636
2132    002080
2133    605100
2134    000869
2135    300339
2136    688151
2137    300246
2138    002871
2139    600301
2140    603956
2141    300773
2142    600877
2143    301355
2144    000591
2145    600284
2146    300026
2147    601138
2148    000571
2149    301468
2150    301296
2151    688071
2152    002732
2153    300675
2154    301519
2155    300444
2156    002455
2157    300561
2158    688295
2159    600582
2160    301336
2161    300892
2162    300311
2163    002224
2164    002533
2165    300365
2166    600731
2167    600469
2168    300440
2169    300078
2170    605339
2171    000028
2172    603093
2173    300651
2174    301080
2175    300783
2176    300798
2177    300105
2178    601116
2179    600163
2180    002514
2181    002191
2182    002122
2183    000100
2184    002480
2185    605008
2186    002810
2187    300571
2188    603098
2189    688565
2190    600630
2191    301548
2192    301395
2193    600527
2194    600037
2195    300821
2196    300319
2197    600699
2198    603818
2199    301188
2200    300449
2201    300127
2202    002389
2203    301520
2204    603860
2205    000929
2206    002677
2207    002673
2208    688309
2209    300437
2210    603155
2211    831304
2212    300771
2213    836263
2214    601179
2215    002298
2216    301031
2217    002106
2218    001328
2219    300940
2220    688459
2221    300383
2222    300815
2223    300887
2224    001258
2225    600331
2226    688506
2227    603195
2228    300474
2229    688528
2230    001309
2231    605298
2232    688433
2233    300409
2234    300963
2235    300661
2236    300829
2237    600559
2238    300468
2239    002665
2240    002614
2241    300473
2242    603269
2243    600038
2244    000727
2245    300399
2246    300941
2247    603368
2248    601208
2249    300226
2250    831834
2251    601061
2252    002658
2253    002496
2254    001288
2255    002956
2256    603536
2257    301092
2258    002044
2259    600984
2260    600320
2261    002723
2262    603950
2263    870436
2264    300679
2265    600255
2266    000532
2267    603045
2268    600744
2269    301115
2270    301008
2271    300758
2272    300198
2273    300406
2274    600785
2275    601020
2276    000973
2277    603136
2278    873152
2279    688007
2280    301268
2281    003035
2282    600584
2283    603122
2284    600827
2285    605336
2286    603717
2287    600477
2288    000928
2289    603216
2290    300477
2291    603291
2292    301150
2293    000009
2294    600886
2295    688049
2296    600831
2297    600426
2298    603928
2299    603333
2300    600053
2301    300219
2302    002778
2303    002767
2304    002088
2305    600583
2306    300344
2307    002030
2308    603696
2309    001318
2310    002358
2311    300551
2312    688020
2313    603182
2314    688563
2315    830964
2316    603916
2317    000568
2318    688373
2319    600178
2320    603602
2321    002761
2322    301057
2323    600517
2324    300911
2325    600482
2326    002612
2327    002192
2328    835184
2329    601579
2330    300040
2331    002252
2332    301108
2333    603338
2334    000037
2335    002461
2336    300265
2337    001225
2338    301010
2339    301317
2340    301270
2341    300977
2342    832786
2343    002802
2344    000698
2345    300749
2346    300224
2347    002169
2348    605009
2349    001301
2350    002395
2351    002383
2352    835207
2353    603877
2354    301024
2355    603226
2356    603331
2357    603699
2358    600769
2359    603119
2360    301283
2361    002117
2362    688123
2363    300221
2364    300639
2365    000880
2366    300890
2367    002371
2368    002311
2369    002433
2370    002378
2371    300157
2372    002140
2373    002792
2374    600929
2375    000750
2376    603650
2377    002111
2378    301078
2379    002633
2380    688338
2381    300300
2382    000987
2383    688670
2384    300995
2385    002171
2386    300332
2387    688314
2388    300313
2389    603051
2390    300174
2391    000155
2392    603029
2393    603566
2394    000708
2395    000423
2396    300196
2397    300014
2398    603232
2399    603679
2400    601778
2401    603150
2402    300507
2403    002717
2404    001205
2405    688617
2406    600155
2407    600444
2408    600483
2409    300152
2410    002501
2411    600095
2412    002253
2413    000701
2414    300785
2415    000697
2416    300762
2417    002074
2418    603507
2419    002242
2420    300249
2421    605337
2422    003043
2423    300581
2424    300648
2425    000430
2426    002340
2427    002296
2428    002104
2429    603722
2430    605288
2431    600726
2432    000599
2433    300181
2434    000035
2435    001296
2436    300867
2437    002266
2438    300521
2439    002830
2440    300235
2441    600133
2442    000680
2443    688101
2444    603276
2445    301308
2446    603050
2447    600055
2448    300025
2449    688336
2450    300333
2451    002752
2452    601118
2453    600660
2454    301119
2455    839167
2456    600596
2457    605167
2458    000920
2459    300286
2460    600780
2461    002304
2462    600131
2463    300334
2464    688091
2465    603075
2466    300298
2467    300288
2468    301505
2469    603035
2470    300250
2471    002329
2472    603988
2473    600711
2474    301186
2475    300160
2476    002451
2477    835368
2478    300343
2479    002246
2480    002175
2481    000921
2482    603096
2483    600654
2484    002256
2485    002474
2486    603010
2487    601330
2488    002920
2489    601766
2490    003013
2491    600158
2492    300855
2493    603189
2494    600075
2495    688050
2496    002204
2497    000623
2498    603176
2499    300797
2500    605365
2501    600452
2502    300261
2503    002297
2504    001234
2505    300659
2506    002933
2507    600829
2508    688562
2509    002705
2510    603843
2511    600143
2512    688019
2513    002702
2514    836239
2515    002245
2516    600499
2517    600419
2518    603639
2519    002511
2520    002481
2521    000027
2522    300970
2523    601688
2524    601117
2525    000966
2526    600739
2527    301189
2528    603823
2529    001308
2530    300715
2531    603013
2532    430090
2533    002549
2534    002306
2535    000716
2536    000012
2537    603170
2538    601377
2539    605499
2540    600495
2541    002951
2542    688182
2543    601966
2544    871753
2545    605300
2546    603306
2547    688548
2548    600063
2549    688331
2550    839719
2551    688553
2552    000537
2553    300081
2554    600098
2555    300292
2556    002696
2557    002372
2558    002325
2559    603282
2560    000858
2561    000681
2562    300019
2563    600810
2564    600729
2565    002043
2566    002423
2567    603181
2568    000982
2569    688117
2570    600211
2571    600467
2572    300425
2573    603172
2574    600893
2575    600619
2576    300328
2577    831768
2578    600099
2579    002226
2580    300073
2581    002028
2582    603138
2583    600096
2584    603229
2585    605069
2586    839680
2587    601162
2588    601016
2589    300820
2590    003023
2591    300599
2592    600372
2593    002336
2594    000887
2595    601990
2596    001216
2597    000592
2598    300823
2599    603766
2600    300125
2601    000779
2602    002721
2603    301222
2604    002500
2605    002917
2606    688310
2607    001311
2608    601065
2609    601702
2610    002219
2611    300083
2612    000935
2613    600845
2614    688266
2615    000831
2616    603737
2617    000410
2618    000032
2619    603355
2620    605001
2621    600210
2622    002135
2623    839725
2624    001289
2625    601022
2626    600861
2627    002648
2628    000826
2629    600710
2630    300856
2631    603387
2632    300979
2633    001278
2634    833914
2635    002353
2636    603161
2637    000739
2638    002275
2639    000812
2640    000050
2641    000096
2642    002999
2643    688468
2644    600312
2645    300824
2646    301027
2647    838030
2648    301049
2649    000721
2650    300266
2651    002528
2652    002123
2653    300331
2654    603137
2655    002163
2656    600305
2657    300569
2658    600982
2659    003027
2660    000551
2661    600318
2662    002630
2663    002052
2664    603506
2665    002749
2666    003009
2667    300756
2668    601616
2669    603156
2670    002086
2671    300087
2672    600100
2673    831305
2674    603776
2675    600476
2676    688505
2677    600997
2678    002622
2679    688456
2680    300732
2681    002932
2682    601816
2683    001333
2684    603456
2685    600995
2686    600705
2687    000958
2688    835179
2689    600516
2690    600246
2691    600888
2692    300277
2693    688297
2694    000792
2695    603311
2696    002883
2697    002822
2698    301196
2699    605183
2700    002639
2701    301365
2702    603697
2703    002989
2704    002598
2705    000070
2706    301487
2707    600971
2708    601789
2709    000567
2710    600864
2711    688013
2712    000553
2713    002328
2714    301269
2715    001238
2716    603151
2717    002942
2718    002768
2719    300121
2720    601799
2721    000948
2722    603658
2723    605399
2724    300042
2725    603178
2726    301349
2727    300655
2728    002806
2729    688779
2730    430139
2731    838402
2732    603127
2733    002971
2734    600973
2735    600662
2736    600575
2737    603908
2738    002731
2739    000151
2740    002950
2741    301159
2742    600549
2743    000683
2744    688220
2745    603121
2746    002508
2747    601528
2748    300848
2749    605016
2750    603132
2751    837212
2752    601877
2753    300020
2754    000923
2755    000729
2756    603530
2757    000882
2758    603301
2759    831641
2760    300740
2761    603357
2762    600851
2763    000728
2764    000650
2765    000629
2766    601066
2767    688238
2768    600572
2769    002580
2770    301265
2771    300483
2772    603299
2773    300665
2774    300212
2775    002753
2776    002174
2777    300138
2778    870726
2779    600771
2780    002646
2781    301339
2782    000912
2783    603505
2784    600789
2785    688106
2786    603810
2787    600868
2788    600179
2789    300990
2790    301103
2791    002679
2792    601111
2793    301097
2794    002407
2795    601991
2796    601636
2797    300047
2798    000559
2799    000166
2800    002788
2801    688626
2802    833455
2803    301175
2804    301216
2805    002668
2806    301136
2807    300302
2808    300450
2809    601727
2810    605378
2811    002895
2812    002616
2813    002202
2814    603912
2815    002495
2816    002470
2817    688550
2818    603386
2819    002670
2820    600546
2821    603878
2822    002632
2823    000030
2824    605500
2825    600531
2826    301081
2827    300106
2828    603777
2829    603683
2830    000836
2831    002460
2832    000710
2833    000603
2834    836826
2835    300428
2836    300139
2837    688486
2838    000999
2839    832651
2840    603833
2841    688317
2842    605580
2843    600955
2844    603200
2845    600509
2846    600371
2847    600310
2848    300505
2849    605366
2850    603612
2851    688193
2852    300003
2853    301160
2854    300310
2855    000790
2856    002838
2857    000768
2858    603969
2859    603828
2860    688087
2861    000659
2862    000758
2863    300861
2864    601878
2865    002740
2866    603180
2867    836892
2868    300776
2869    002506
2870    300427
2871    600120
2872    000881
2873    600212
2874    300643
2875    601021
2876    002662
2877    002012
2878    000541
2879    600887
2880    601099
2881    603043
2882    300746
2883    300284
2884    002505
2885    603931
2886    000776
2887    600008
2888    600315
2889    001316
2890    300290
2891    000582
2892    002539
2893    600884
2894    300545
2895    002415
2896    002195
2897    002594
2898    002166
2899    002258
2900    600795
2901    603213
2902    002973
2903    600089
2904    600557
2905    833523
2906    600518
2907    300664
2908    300663
2909    832225
2910    603681
2911    002468
2912    301256
2913    603042
2914    002235
2915    830879
2916    688656
2917    688005
2918    688267
2919    002302
2920    601677
2921    002205
2922    300568
2923    300791
2924    300830
2925    301116
2926    002024
2927    002077
2928    300888
2929    300370
2930    002647
2931    000783
2932    300390
2933    430718
2934    600201
2935    300603
2936    688466
2937    300217
2938    300051
2939    300022
2940    002522
2941    688616
2942    001259
2943    603056
2944    002493
2945    002116
2946    835174
2947    603366
2948    300342
2949    300117
2950    300541
2951    601200
2952    002715
2953    300119
2954    600502
2955    300588
2956    001380
2957    301022
2958    600461
2959    300321
2960    001207
2961    688510
2962    603388
2963    002210
2964    002092
2965    600765
2966    600138
2967    688621
2968    600905
2969    688321
2970    603871
2971    603356
2972    300418
2973    600909
2974    300388
2975    002842
2976    002789
2977    601236
2978    600871
2979    300919
2980    002959
2981    300926
2982    001914
2983    600609
2984    002849
2985    003001
2986    603798
2987    301290
2988    300293
2989    300218
2990    688786
2991    600917
2992    600682
2993    600112
2994    300351
2995    002558
2996    300601
2997    603866
2998    603162
2999    688581
3000    601375
3001    600403
3002    002759
3003    601106
3004    300677
3005    600039
3006    600379
3007    002739
3008    603086
3009    003000
3010    002797
3011    301220
3012    002537
3013    600356
3014    002215
3015    002172
3016    000040
3017    002566
3018    603661
3019    002634
3020    603636
3021    834770
3022    002416
3023    002466
3024    002497
3025    600624
3026    000411
3027    301234
3028    002683
3029    000521
3030    838971
3031    600141
3032    000762
3033    300513
3034    600266
3035    300137
3036    300542
3037    000663
3038    600030
3039    300055
3040    300869
3041    830946
3042    600056
3043    603102
3044    688012
3045    001203
3046    002398
3047    600388
3048    000428
3049    301207
3050    002360
3051    000885
3052    832149
3053    831961
3054    603392
3055    600328
3056    688119
3057    300013
3058    000723
3059    600354
3060    002826
3061    688334
3062    000952
3063    002142
3064    605179
3065    600230
3066    688819
3067    300642
3068    002361
3069    002035
3070    603787
3071    600348
3072    300381
3073    688418
3074    000960
3075    002337
3076    688179
3077    000876
3078    605287
3079    601989
3080    600395
3081    600123
3082    301389
3083    600390
3084    600361
3085    000595
3086    002136
3087    688203
3088    301060
3089    002011
3090    002312
3091    603466
3092    600369
3093    600109
3094    603919
3095    603166
3096    300391
3097    300215
3098    000767
3099    000713
3100    000563
3101    300736
3102    600841
3103    300070
3104    002081
3105    872374
3106    600977
3107    300948
3108    300616
3109    000919
3110    872190
3111    300082
3112    001210
3113    300958
3114    002545
3115    300578
3116    603055
3117    600883
3118    002515
3119    301030
3120    001230
3121    001313
3122    003011
3123    301087
3124    000906
3125    603113
3126    002186
3127    688613
3128    605338
3129    603600
3130    002556
3131    002212
3132    603073
3133    002939
3134    600459
3135    603059
3136    603918
3137    000990
3138    600193
3139    002108
3140    300699
3141    833429
3142    688701
3143    688196
3144    603909
3145    001212
3146    300653
3147    002603
3148    600643
3149    600309
3150    600998
3151    300860
3152    300579
3153    688469
3154    002324
3155    301098
3156    000545
3157    002270
3158    002060
3159    688249
3160    000029
3161    301069
3162    600987
3163    300404
3164    603222
3165    600218
3166    300234
3167    603788
3168    000937
3169    300357
3170    601952
3171    000026
3172    000552
3173    002609
3174    600106
3175    600749
3176    301055
3177    002427
3178    301122
3179    301085
3180    301029
3181    600962
3182    002482
3183    000822
3184    603385
3185    600754
3186    600866
3187    300385
3188    601696
3189    603990
3190    300499
3191    301258
3192    002014
3193    002992
3194    300920
3195    300929
3196    872541
3197    600496
3198    603586
3199    836270
3200    002737
3201    301291
3202    835237
3203    688178
3204    600107
3205    603199
3206    600021
3207    600336
3208    600969
3209    002183
3210    002051
3211    600796
3212    601618
3213    600763
3214    002949
3215    603897
3216    601007
3217    002387
3218    002386
3219    000852
3220    600906
3221    301209
3222    000596
3223    600313
3224    600925
3225    600050
3226    603009
3227    002279
3228    301019
3229    601958
3230    600508
3231    830832
3232    300094
3233    002365
3234    600505
3235    300412
3236    603520
3237    002007
3238    601968
3239    301102
3240    603886
3241    300750
3242    601015
3243    600690
3244    000828
3245    600528
3246    301345
3247    002707
3248    000978
3249    002926
3250    603688
3251    002812
3252    600061
3253    300889
3254    600468
3255    002996
3256    000610
3257    002062
3258    600979
3259    603607
3260    688683
3261    300871
3262    300197
3263    003037
3264    688253
3265    002945
3266    002034
3267    601866
3268    002228
3269    600529
3270    002307
3271    603858
3272    603005
3273    601211
3274    837821
3275    000902
3276    603041
3277    000661
3278    688057
3279    601798
3280    600232
3281    002287
3282    603826
3283    600073
3284    600707
3285    003005
3286    000301
3287    600983
3288    002309
3289    605168
3290    836414
3291    000408
3292    301276
3293    300854
3294    688981
3295    836419
3296    600935
3297    603307
3298    603139
3299    688121
3300    300291
3301    600261
3302    300275
3303    831195
3304    601002
3305    000008
3306    301077
3307    688300
3308    300401
3309    600208
3310    600185
3311    002278
3312    002076
3313    688289
3314    300172
3315    300961
3316    301059
3317    605006
3318    688217
3319    002997
3320    600722
3321    603168
3322    002734
3323    002736
3324    600168
3325    603978
3326    002626
3327    000069
3328    300921
3329    688096
3330    001211
3331    300004
3332    600083
3333    600784
3334    300878
3335    603637
3336    002982
3337    000803
3338    601700
3339    300146
3340    300422
3341    000404
3342    300564
3343    603903
3344    603633
3345    603515
3346    002878
3347    600837
3348    603317
3349    000731
3350    833454
3351    600329
3352    600819
3353    300097
3354    300640
3355    002902
3356    300233
3357    603817
3358    603815
3359    002053
3360    301219
3361    830974
3362    600196
3363    600398
3364    300191
3365    601985
3366    002010
3367    833819
3368    000722
3369    871857
3370    600290
3371    002022
3372    300610
3373    002817
3374    000686
3375    300289
3376    603219
3377    000581
3378    833580
3379    688275
3380    000635
3381    301036
3382    600515
3383    688399
3384    600830
3385    600203
3386    600606
3387    600267
3388    688065
3389    301190
3390    000543
3391    600713
3392    600540
3393    000725
3394    600900
3395    603227
3396    600282
3397    430198
3398    300909
3399    301321
3400    600618
3401    600999
3402    605033
3403    600706
3404    600486
3405    600036
3406    002263
3407    002082
3408    002573
3409    002542
3410    300692
3411    601860
3412    600985
3413    605138
3414    605178
3415    600797
3416    300741
3417    002488
3418    002796
3419    002607
3420    301223
3421    002968
3422    600815
3423    300027
3424    002775
3425    600836
3426    002075
3427    688067
3428    002722
3429    688535
3430    688426
3431    600506
3432    600257
3433    603318
3434    301095
3435    688161
3436    601515
3437    600760
3438    000927
3439    300981
3440    300621
3441    300687
3442    301246
3443    601319
3444    600289
3445    002084
3446    300792
3447    600826
3448    300957
3449    002286
3450    605299
3451    002988
3452    300192
3453    601198
3454    301073
3455    688739
3456    300326
3457    600252
3458    600187
3459    688396
3460    002638
3461    002198
3462    002001
3463    601388
3464    002772
3465    688082
3466    001215
3467    002177
3468    600859
3469    688578
3470    300975
3471    002562
3472    600216
3473    600858
3474    001218
3475    838171
3476    300012
3477    300649
3478    000531
3479    002695
3480    600066
3481    603708
3482    688116
3483    300144
3484    600617
3485    000737
3486    873167
3487    300652
3488    300231
3489    600195
3490    605368
3491    603797
3492    601008
3493    002344
3494    600121
3495    603221
3496    002320
3497    600362
3498    300999
3499    001213
3500    300591
3501    002543
3502    836717
3503    600598
3504    601127
3505    300949
3506    300463
3507    603021
3508    300918
3509    002342
3510    000005
3511    600566
3512    603759
3513    300187
3514    300335
3515    300159
3516    000848
3517    300116
3518    002602
3519    002237
3520    603668
3521    301237
3522    688252
3523    833873
3524    601101
3525    870357
3526    600022
3527    600017
3528    603038
3529    300846
3530    603237
3531    300338
3532    001209
3533    600844
3534    600115
3535    000883
3536    873665
3537    603689
3538    600874
3539    600221
3540    300190
3541    002158
3542    603799
3543    000953
3544    605090
3545    002267
3546    601718
3547    301193
3548    002586
3549    600521
3550    688198
3551    000017
3552    688085
3553    002443
3554    600491
3555    600397
3556    000909
3557    601956
3558    600679
3559    301230
3560    600227
3561    002471
3562    300729
3563    000705
3564    600420
3565    002069
3566    000961
3567    605303
3568    000498
3569    603053
3570    605108
3571    002462
3572    600751
3573    603110
3574    600105
3575    000685
3576    000006
3577    002261
3578    688303
3579    002418
3580    601155
3581    600436
3582    600805
3583    000789
3584    603198
3585    600352
3586    834475
3587    603518
3588    000557
3589    301335
3590    601163
3591    002530
3592    002719
3593    002811
3594    002233
3595    002379
3596    600190
3597    002333
3598    600023
3599    600573
3600    601881
3601    600490
3602    002911
3603    600338
3604    603071
3605    000851
3606    000625
3607    603327
3608    600961
3609    300061
3610    002538
3611    301221
3612    603020
3613    300464
3614    600272
3615    605180
3616    600926
3617    600399
3618    000816
3619    000420
3620    300206
3621    601933
3622    837344
3623    600565
3624    300145
3625    000630
3626    000605
3627    300529
3628    600976
3629    002930
3630    605028
3631    002105
3632    600217
3633    002910
3634    300209
3635    300942
3636    002791
3637    836957
3638    430478
3639    301227
3640    000915
3641    688222
3642    000060
3643    301300
3644    002813
3645    601686
3646    600597
3647    000691
3648    600429
3649    000656
3650    600873
3651    836247
3652    601136
3653    600241
3654    002825
3655    002132
3656    603369
3657    002852
3658    002039
3659    300619
3660    603727
3661    600898
3662    002345
3663    601168
3664    000417
3665    002773
3666    601995
3667    601068
3668    600989
3669    301280
3670    600300
3671    002145
3672    601918
3673    300021
3674    834599
3675    600636
3676    000523
3677    300128
3678    600655
3679    605388
3680    000620
3681    002033
3682    300864
3683    000700
3684    300635
3685    002216
3686    300103
3687    603058
3688    600057
3689    002903
3690    688566
3691    300243
3692    603590
3693    600691
3694    002440
3695    600332
3696    603223
3697    600027
3698    600773
3699    603838
3700    600776
3701    605080
3702    688137
3703    688349
3704    600500
3705    688579
3706    603030
3707    600939
3708    300189
3709    300841
3710    300813
3711    839790
3712    600383
3713    000668
3714    600273
3715    002818
3716    002763
3717    300997
3718    600908
3719    002128
3720    000524
3721    600428
3722    300294
3723    301066
3724    300439
3725    003016
3726    603803
3727    002432
3728    603778
3729    600520
3730    000007
3731    603991
3732    000555
3733    601668
3734    603117
3735    300735
3736    002114
3737    831689
3738    000068
3739    002735
3740    600525
3741    001267
3742    000786
3743    002308
3744    605066
3745    600280
3746    600661
3747    002536
3748    600568
3749    000963
3750    300760
3751    603995
3752    600720
3753    002637
3754    600511
3755    000011
3756    000505
3757    603377
3758    600629
3759    600455
3760    002758
3761    002349
3762    300908
3763    300765
3764    000878
3765    000590
3766    300247
3767    688607
3768    603937
3769    002476
3770    605162
3771    838163
3772    603439
3773    300994
3774    002955
3775    600258
3776    001299
3777    300695
3778    600714
3779    300015
3780    600593
3781    600734
3782    839273
3783    600730
3784    301301
3785    300612
3786    601577
3787    600839
3788    600742
3789    600062
3790    872895
3791    003006
3792    000736
3793    600058
3794    301167
3795    003003
3796    301387
3797    601929
3798    002330
3799    002061
3800    603273
3801    002663
3802    002170
3803    000888
3804    000791
3805    300834
3806    603630
3807    000735
3808    688046
3809    300698
3810    600016
3811    300379
3812    002661
3813    601963
3814    002783
3815    002656
3816    000711
3817    000893
3818    603926
3819    000850
3820    601156
3821    600297
3822    000761
3823    600594
3824    002498
3825    002225
3826    002316
3827    600425
3828    603496
3829    002713
3830    002381
3831    835640
3832    002756
3833    833575
3834    600758
3835    001206
3836    688153
3837    600180
3838    002832
3839    000825
3840    300534
3841    300681
3842    300592
3843    600449
3844    003042
3845    832802
3846    873001
3847    601279
3848    600375
3849    600116
3850    601216
3851    002318
3852    605155
3853    600380
3854    300482
3855    301166
3856    002986
3857    600581
3858    832175
3859    002148
3860    301109
3861    601238
3862    603511
3863    300405
3864    301047
3865    000652
3866    000976
3867    600292
3868    300759
3869    002905
3870    601992
3871    300644
3872    600865
3873    605198
3874    002078
3875    600903
3876    002404
3877    600988
3878    600792
3879    300806
3880    600778
3881    688272
3882    603713
3883    002631
3884    002399
3885    833230
3886    301257
3887    300967
3888    600916
3889    600248
3890    002936
3891    002863
3892    301236
3893    002570
3894    002571
3895    600220
3896    300465
3897    000886
3898    300761
3899    603103
3900    600674
3901    688665
3902    600717
3903    000632
3904    000533
3905    600191
3906    688357
3907    603444
3908    688302
3909    600188
3910    300859
3911    831087
3912    603319
3913    000798
3914    002887
3915    002947
3916    000413
3917    000513
3918    603272
3919    300110
3920    600567
3921    300614
3922    300608
3923    002510
3924    300753
3925    600283
3926    300668
3927    601598
3928    000753
3929    600895
3930    600479
3931    600666
3932    002445
3933    600085
3934    002394
3935    600821
3936    002709
3937    000002
3938    603458
3939    603716
3940    600054
3941    601139
3942    301037
3943    603214
3944    600406
3945    837046
3946    300536
3947    000788
3948    002155
3949    831370
3950    600919
3951    002144
3952    688370
3953    000755
3954    000055
3955    600569
3956    002176
3957    002435
3958    000829
3959    601633
3960    301089
3961    002027
3962    002382
3963    300268
3964    300194
3965    600295
3966    000905
3967    000401
3968    601611
3969    600650
3970    600079
3971    603587
3972    603885
3973    000670
3974    600358
3975    000566
3976    603130
3977    300037
3978    300552
3979    000655
3980    601318
3981    600585
3982    300478
3983    600526
3984    000544
3985    300796
3986    300917
3987    872351
3988    002095
3989    600475
3990    601121
3991    601233
3992    603365
3993    839946
3994    603080
3995    832023
3996    003017
3997    300501
3998    300972
3999    003030
4000    836807
4001    002748
4002    002688
4003    688189
4004    600346
4005    600097
4006    002041
4007    605369
4008    600621
4009    834021
4010    603585
4011    603336
4012    836422
4013    300494
4014    002431
4015    001366
4016    002282
4017    600637
4018    002872
4019    600740
4020    600415
4021    002726
4022    600410
4023    600337
4024    002502
4025    601858
4026    002516
4027    605111
4028    301127
4029    600396
4030    000538
4031    002805
4032    002240
4033    300107
4034    600170
4035    300143
4036    605199
4037    600777
4038    601827
4039    000534
4040    601089
4041    600512
4042    002354
4043    601669
4044    002620
4045    603887
4046    601333
4047    600319
4048    834765
4049    600470
4050    600333
4051    000692
4052    003026
4053    600488
4054    300795
4055    600025
4056    002179
4057    301172
4058    000898
4059    000001
4060    003039
4061    002627
4062    601186
4063    839792
4064    002454
4065    601086
4066    000507
4067    301004
4068    600889
4069    002201
4070    601800
4071    002820
4072    605098
4073    600892
4074    600834
4075    600738
4076    688068
4077    601996
4078    600768
4079    002958
4080    600981
4081    002059
4082    300697
4083    600725
4084    002239
4085    000597
4086    600132
4087    002442
4088    601212
4089    002517
4090    603065
4091    688185
4092    600028
4093    605077
4094    002978
4095    600820
4096    837092
4097    000695
4098    300622
4099    002672
4100    301277
4101    605507
4102    002280
4103    000932
4104    600803
4105    603535
4106    872392
4107    001227
4108    002561
4109    300359
4110    688767
4111    603856
4112    600409
4113    600400
4114    002141
4115    000554
4116    000565
4117    600235
4118    301356
4119    002519
4120    600104
4121    301286
4122    600108
4123    600812
4124    600611
4125    002469
4126    835857
4127    600556
4128    300067
4129    600137
4130    832876
4131    601229
4132    002574
4133    000627
4134    601838
4135    600064
4136    603393
4137    600663
4138    600219
4139    603277
4140    000651
4141    601808
4142    601228
4143    301281
4144    002563
4145    003007
4146    002966
4147    600897
4148    688658
4149    871970
4150    002995
4151    601069
4152    300158
4153    001228
4154    000529
4155    605567
4156    600117
4157    000158
4158    600571
4159    002107
4160    002948
4161    300737
4162    002391
4163    300858
4164    839371
4165    000039
4166    870199
4167    600641
4168    600339
4169    000949
4170    000089
4171    603067
4172    000159
4173    600753
4174    837242
4175    833171
4176    002565
4177    300987
4178    688382
4179    002067
4180    002003
4181    300039
4182    301062
4183    600928
4184    300710
4185    830839
4186    300257
4187    603790
4188    603367
4189    002303
4190    002782
4191    002357
4192    002985
4193    000338
4194    000877
4195    002742
4196    002847
4197    600051
4198    600794
4199    300727
4200    002100
4201    600863
4202    600433
4203    000058
4204    301313
4205    832171
4206    300893
4207    600800
4208    002064
4209    600918
4210    601336
4211    601607
4212    601857
4213    834639
4214    000407
4215    688221
4216    000014
4217    002807
4218    002397
4219    002374
4220    000156
4221    834415
4222    600359
4223    688098
4224    605169
4225    301156
4226    601011
4227    600127
4228    000509
4229    000819
4230    000820
4231    300562
4232    833781
4233    002295
4234    873339
4235    002094
4236    601500
4237    600693
4238    002521
4239    605003
4240    601555
4241    600613
4242    002332
4243    002160
4244    000778
4245    603363
4246    002862
4247    601665
4248    603359
4249    600649
4250    301088
4251    000900
4252    601628
4253    002363
4254    300850
4255    002839
4256    000550
4257    002836
4258    834014
4259    002650
4260    688163
4261    603031
4262    301003
4263    603225
4264    002551
4265    002037
4266    600681
4267    300731
4268    600941
4269    601898
4270    600676
4271    600126
4272    002642
4273    000672
4274    002555
4275    000514
4276    600276
4277    601949
4278    603709
4279    300805
4280    000639
4281    000488
4282    603609
4283    600538
4284    601678
4285    601225
4286    000807
4287    600604
4288    603197
4289    002762
4290    603726
4291    002319
4292    603980
4293    836208
4294    603329
4295    300459
4296    603183
4297    603309
4298    600736
4299    688089
4300    002004
4301    001323
4302    603967
4303    301017
4304    688298
4305    688293
4306    600535
4307    601566
4308    300452
4309    000510
4310    000090
4311    600497
4312    300413
4313    300254
4314    002855
4315    603888
4316    002045
4317    430017
4318    600645
4319    600648
4320    002096
4321    003015
4322    002066
4323    601728
4324    002725
4325    002550
4326    870866
4327    834682
4328    002419
4329    600678
4330    300781
4331    000859
4332    601339
4333    688389
4334    605050
4335    000530
4336    603963
4337    600639
4338    002800
4339    300641
4340    600694
4341    000815
4342    600510
4343    688247
4344    000833
4345    600993
4346    001217
4347    300633
4348    000333
4349    301101
4350    600766
4351    002271
4352    600732
4353    600167
4354    601298
4355    600125
4356    300877
4357    300618
4358    603999
4359    002029
4360    603230
4361    000931
4362    832471
4363    603707
4364    873527
4365    002624
4366    000023
4367    300214
4368    603177
4369    300952
4370    002798
4371    600605
4372    000061
4373    601811
4374    002388
4375    300673
4376    603351
4377    603335
4378    300832
4379    688156
4380    002412
4381    870508
4382    600755
4383    301096
4384    600603
4385    600966
4386    000930
4387    600539
4388    600673
4389    002524
4390    600814
4391    002608
4392    300863
4393    001337
4394    000626
4395    300329
4396    002274
4397    001330
4398    301358
4399    600229
4400    600182
4401    600256
4402    002941
4403    600113
4404    600080
4405    002200
4406    002901
4407    601009
4408    600228
4409    000910
4410    300251
4411    002998
4412    002223
4413    871245
4414    600956
4415    002728
4416    600265
4417    301408
4418    601019
4419    603239
4420    600418
4421    838262
4422    000911
4423    000426
4424    600251
4425    831167
4426    000800
4427    301289
4428    603332
4429    000153
4430    600620
4431    601088
4432    301033
4433    600671
4434    300009
4435    600848
4436    002856
4437    301090
4438    600668
4439    605018
4440    300993
4441    300849
4442    300054
4443    002816
4444    002780
4445    603201
4446    002977
4447    603949
4448    002873
4449    603235
4450    000895
4451    605599
4452    603079
4453    430047
4454    300983
4455    601166
4456    301448
4457    300819
4458    603955
4459    603979
4460    603568
4461    000048
4462    300840
4463    300498
4464    301287
4465    600750
4466    605099
4467    301111
4468    002891
4469    603922
4470    300688
4471    603087
4472    832982
4473    873169
4474    871553
4475    870204
4476    838810
4477    838275
4478    836699
4479    836433
4480    836395
4481    836260
4482    835508
4483    834407
4484    833346
4485    832566
4486    832278
4487    832145
4488    832000
4489    831855
4490    831039
4491    831010
4492    688653
4493    688648
4494    688555
4495    688520
4496    688319
4497    688157
4498    688086
4499    688009
4500    605189
4501    603996
4502    603900
4503    603880
4504    603739
4505    603557
4506    603408
4507    603361
4508    603323
4509    603296
4510    603196
4511    603157
4512    603128
4513    603077
4514    603062
4515    603007
4516    601997
4517    601975
4518    601919
4519    601916
4520    601880
4521    601872
4522    601868
4523    601828
4524    601818
4525    601558
4526    601390
4527    601326
4528    601299
4529    601268
4530    601258
4531    601107
4532    601010
4533    601005
4534    600991
4535    600978
4536    600968
4537    600965
4538    600959
4539    600899
4540    600896
4541    600891
4542    600890
4543    600881
4544    600878
4545    600870
4546    600856
4547    600852
4548    600849
4549    600842
4550    600840
4551    600832
4552    600823
4553    600822
4554    600813
4555    600811
4556    600807
4557    600806
4558    600799
4559    600798
4560    600790
4561    600788
4562    600787
4563    600786
4564    600781
4565    600772
4566    600767
4567    600762
4568    600752
4569    600747
4570    600746
4571    600724
4572    600723
4573    600709
4574    600704
4575    600701
4576    600700
4577    600695
4578    600688
4579    600687
4580    600680
4581    600677
4582    600672
4583    600670
4584    600669
4585    600664
4586    600659
4587    600658
4588    600656
4589    600652
4590    600646
4591    600642
4592    600634
4593    600632
4594    600631
4595    600628
4596    600627
4597    600625
4598    600622
4599    600614
4600    600607
4601    600591
4602    600578
4603    600576
4604    600555
4605    600553
4606    600543
4607    600533
4608    600532
4609    600507
4610    600503
4611    600485
4612    600472
4613    600466
4614    600439
4615    600432
4616    600423
4617    600401
4618    600393
4619    600386
4620    600385
4621    600370
4622    600357
4623    600350
4624    600340
4625    600321
4626    600317
4627    600311
4628    600308
4629    600307
4630    600306
4631    600296
4632    600293
4633    600291
4634    600286
4635    600281
4636    600279
4637    600275
4638    600270
4639    600263
4640    600260
4641    600253
4642    600247
4643    600242
4644    600240
4645    600236
4646    600209
4647    600205
4648    600189
4649    600181
4650    600177
4651    600175
4652    600157
4653    600146
4654    600145
4655    600139
4656    600122
4657    600102
4658    600093
4659    600092
4660    600091
4661    600090
4662    600087
4663    600086
4664    600078
4665    600077
4666    600074
4667    600069
4668    600068
4669    600065
4670    600060
4671    600048
4672    600029
4673    600005
4674    600003
4675    600002
4676    600001
4677    600000
4678    430564
4679    301025
4680    300891
4681    300883
4682    300526
4683    300506
4684    300467
4685    300453
4686    300431
4687    300392
4688    300372
4689    300367
4690    300362
4691    300356
4692    300336
4693    300330
4694    300325
4695    300312
4696    300309
4697    300304
4698    300297
4699    300273
4700    300216
4701    300204
4702    300202
4703    300186
4704    300182
4705    300178
4706    300167
4707    300156
4708    300132
4709    300123
4710    300104
4711    300100
4712    300090
4713    300089
4714    300064
4715    300038
4716    300028
4717    300023
4718    003018
4719    002969
4720    002808
4721    002781
4722    002770
4723    002751
4724    002746
4725    002743
4726    002714
4727    002711
4728    002700
4729    002697
4730    002684
4731    002680
4732    002652
4733    002628
4734    002619
4735    002618
4736    002604
4737    002593
4738    002578
4739    002509
4740    002504
4741    002503
4742    002499
4743    002492
4744    002486
4745    002477
4746    002473
4747    002464
4748    002450
4749    002447
4750    002417
4751    002411
4752    002359
4753    002321
4754    002305
4755    002293
4756    002285
4757    002260
4758    002220
4759    002165
4760    002147
4761    002146
4762    002143
4763    002137
4764    002131
4765    002118
4766    002113
4767    002103
4768    002102
4769    002089
4770    002071
4771    002070
4772    002054
4773    002047
4774    002038
4775    002018
4776    002013
4777    002005
4778    001326
4779    001306
4780    001219
4781    000981
4782    000979
4783    000971
4784    000967
4785    000965
4786    000957
4787    000956
4788    000939
4789    000918
4790    000916
4791    000890
4792    000866
4793    000835
4794    000832
4795    000830
4796    000827
4797    000817
4798    000806
4799    000805
4800    000797
4801    000787
4802    000785
4803    000782
4804    000780
4805    000769
4806    000765
4807    000763
4808    000760
4809    000759
4810    000748
4811    000732
4812    000730
4813    000720
4814    000709
4815    000702
4816    000699
4817    000693
4818    000689
4819    000687
4820    000675
4821    000673
4822    000671
4823    000669
4824    000667
4825    000666
4826    000665
4827    000662
4828    000660
4829    000658
4830    000653
4831    000637
4832    000622
4833    000621
4834    000619
4835    000618
4836    000616
4837    000613
4838    000611
4839    000606
4840    000602
4841    000594
4842    000588
4843    000587
4844    000585
4845    000583
4846    000578
4847    000569
4848    000564
4849    000562
4850    000560
4851    000556
4852    000549
4853    000548
4854    000542
4855    000540
4856    000535
4857    000527
4858    000522
4859    000520
4860    000515
4861    000511
4862    000508
4863    000502
4864    000419
4865    000418
4866    000415
4867    000412
4868    000406
4869    000405
4870    000150
4871    000059
4872    000047
4873    000038
4874    000033
4875    000024
4876    000018
4877    000015
4878    000013
4879    000003
4880    688513
4881    001201
4882    301498
4883    688136
4884    603048
4885    002870
4886    688316
4887    001226
4888    300114
4889    600801
4890    688075
4891    003032
4892    300122
4893    603258
4894    600088
4895    601899
4896    301149
4897    600547
4898    300807
4899    601098
4900    688176
4901    688278
4902    600689
4903    002221
4904    603615
4905    600377
4906    603725
4907    603648
4908    300933
4909    600463
4910    600600
4911    300475
4912    600335
4913    600737
4914    002364
4915    000985
4916    300669
4917    605007
4918    600719
4919    002693
4920    000019
4921    300631
4922    603133
4923    000546
4924    871634
4925    839729
4926    300899
4927    600644
4928    603889
4929    833509
4930    601969
4931    002016
4932    002532
4933    603477
4934    002289
4935    002540
4936    300770
4937    605177
4938    603616
4939    603682
4940    601001
4941    002712
4942    603001
4943    300702
4944    301211
4945    300147
4946    001979
4947    300492
4948    601187
4949    601368
4950    600802
4951    300225
4952    300945
4953    300766
4954    002666
4955    600612
4956    601568
4957    603861
4958    600153
4959    002490
4960    002083
4961    605188
4962    002390
4963    002425
4964    300786
4965    600213
4966    601658
4967    430489
4968    600857
4969    600382
4970    000607
4971    000526
4972    601169
4973    002162
4974    000506
4975    001283
4976    600128
4977    600365
4978    002615
4979    003002
4980    603619
4981    601512
4982    000429
4983    688103
4984    600782
4985    002124
4986    603836
4987    688192
4988    603188
4989    600084
4990    300434
4991    002875
4992    603825
4993    300636
4994    605158
4995    600936
4996    002392
4997    836149
4998    300650
4999    430476
5000    605598
5001    001222
5002    300071
5003    600026
5004    601006
5005    688428
5006    605128
5007    300072
5008    000863
5009    605296
5010    600595
5011    300436
5012    300267
5013    002127
5014    000631
5015    601003
5016    001202
5017    002040
5018    002564
5019    603538
5020    600513
5021    601601
5022    600774
5023    300239
5024    002591
5025    002259
5026    000751
5027    000638
5028    603813
5029    688488
5030    600448
5031    002621
5032    600159
5033    300788
5034    600094
5035    837174
5036    871396
5037    001872
5038    600019
5039    002590
5040    000078
5041    601600
5042    603337
5043    603992
5044    600166
5045    301215
5046    836942
5047    301228
5048    002300
5049    300113
5050    003010
5051    000525
5052    603095
5053    300238
5054    601328
5055    605228
5056    002596
5057    603605
5058    688236
5059    600638
5060    601158
5061    688679
5062    600986
5063    834950
5064    600545
5065    600249
5066    000558
5067    603676
5068    002716
5069    600551
5070    002923
5071    000421
5072    002799
5073    002032
5074    688538
5075    600076
5076    002377
5077    603167
5078    300164
5079    301065
5080    002262
5081    605136
5082    300577
5083    300228
5084    002785
5085    301366
5086    002786
5087    002091
5088    600018
5089    300947
5090    300387
5091    600408
5092    002375
5093    000088
5094    873223
5095    300032
5096    603598
5097    600938
5098    000757
5099    600327
5100    688728
5101    601398
5102    600698
5103    002479
5104    603982
5105    601609
5106    600231
5107    002181
5108    002098
5109    301126
5110    600250
5111    600530
5112    000897
5113    603559
5114    301001
5115    002193
5116    002882
5117    002659
5118    002072
5119    600825
5120    002187
5121    002168
5122    001367
5123    000756
5124    600608
5125    600223
5126    002244
5127    301231
5128    000402
5129    600462
5130    300237
5131    000802
5132    601588
5133    301371
5134    688393
5135    300133
5136    002211
5137    300272
5138    600368
5139    600975
5140    600035
5141    600665
5142    600757
5143    601777
5144    601921
5145    000633
5146    600015
5147    600387
5148    688575
5149    600824
5150    600162
5151    000715
5152    600326
5153    601128
5154    601998
5155    002678
5156    300016
5157    002264
5158    601000
5159    002699
5160    002322
5161    603555
5162    688212
5163    300149
5164    688737
5165    300002
5166    002133
5167    688606
5168    600880
5169    600647
5170    603613
5171    601018
5172    000501
5173    601113
5174    000573
5175    002385
5176    600082
5177    603006
5178    300108
5179    300709
5180    601028
5181    301382
5182    603023
5183    002790
5184    002567
5185    688676
5186    002675
5187    301333
5188    000025
5189    002489
5190    002188
5191    600727
5192    002370
5193    601939
5194    002581
5195    605255
5196    002109
5197    603116
5198    003041
5199    605122
5200    600561
5201    603099
5202    002422
5203    000518
5204    002919
5205    600052
5206    301489
5207    003816
5208    603808
5209    000056
5210    600692
5211    600793
5212    002858
5213    002207
5214    000608
5215    600833
5216    600853
5217    300485
5218    000504
5219    832089
5220    688369
5221    000598
5222    603238
5223    601077
5224    600697
5225    300658
5226    002019
5227    600287
5228    301381
5229    600070
5230    002900
5231    000517
5232    002840
5233    000726
5234    600633
5235    300049
5236    600640
5237    002755
5238    301093
5239    601518
5240    600067
5241    601188
5242    300175
5243    000036
5244    002341
5245    000959
5246    603158
5247    600828
5248    300318
5249    300135
5250    002569
5251    300058
5252    002042
5253    605398
5254    600846
5255    600376
5256    000975
5257    301110
5258    601288
5259    603516
5260    301131
5261    002589
5262    300010
5263    000980
5264    603976
5265    600136
5266    002976
5267    600901
5268    300176
5269    688059
5270    600156
5271    300242
5272    300558
5273    605318
5274    600325
5275    430300
5276    301091
5277    600996
5278    002420
5279    601599
5280    000809
5281    600012
5282    000719
5283    000868
5284    603677
5285    600791
5286    601999
5287    002940
5288    603655
5289    600708
5290    600081
5291    002577
5292    600149
5293    300723
5294    601366
5295    002087
5296    000793
5297    300396
5298    688180
5299    301331
5300    688356
5301    831726
5302    301011
5303    688500
5304    002907
5305    002400
5306    002771
5307    002314
5308    001965
5309    002494
5310    603220
5311    300006
5312    000861
5313    002159
5314    002843
5315    002828
5316    002317
5317    301306
5318    601988
5319    601825
5320    300522
5321    600733
5322    301130
5323    000796
5324    000717
5325    301075
5326    600653
5327    300495
5328    300873
5329    600303
5330    600721
5331    301052
5332    002110
5333    688177
5334    300240
5335    605116
5336    002657
5337    603558
5338    600808
5339    000899
5340    300778
5341    600626
5342    600716
5343    300519
5344    300030
5345    002157
5346    002588
5347    000933
5348    600548
5349    002269
5350    600020
5351    603399
5352    300937
5353    002348
5354    002154
5355    300429
5356    002485
5357    001317
5358    600743
5359    603983
5360    600007
5361    002393
5362    600657
5363    000908
5364    300901
5365    002827
5366    002793
5367    600489
5368    002575
5369    603000
5370    000628
5371    000955
5372    600033
5373    688036
5374    603101
5375    600683
5376    300199
5377    300315
5378    301363
5379    000839
5380    301139
5381    600686
5382    600748
5383    603706
5384    000572
5385    301038
5386    002769
5387    301201
5388    603839
5389    002629
5390    300282
5391    603665
5392    002687
5393    001300
5394    688308
5395    002886
5396    601928
5397    300375
5398    834261
5399    300350
5400    000010
5401    000892
5402    600173
5403    300052
5404    600322
5405    000612
5406    301262
5407    301171
5408    000926
5409    300203
5410    002020
5411    002299
5412    301113
5413    000679
5414    688076
5415    300005
5416    600960
5417    300573
5418    000998
5419    603779
5420    002229
5421    002554
5422    000031
5423    603028
5424    838227
5425    002021
5426    688166
5427    600804
5428    301128
5429    600715
5430    000813
5431    872925
5432    300086
5433    002899
5434    603608
5435    300111
5436    002208
5437    000917
5438    300528
5439    300264
5440    002584
5441    605151
5442    300337
5443    001331
5444    600239
5445    002869
5446    301509
5447    300301
5448    003020
5449    601900
5450    300694
5451    002457
5452    300989
5453    600684
5454    002292
5455    603669
5456    000042
5457    002682
5458    300043
5459    300148
5460    002234
5461    002864
5462    000570
5463    002247
5464    300163
5465    002458
5466    603533
5467    603123
5468    600222
5469    001319
5470    002356
5471    603985
5472    600269
5473    300031
5474    300426
5475    002213
5476    600278
5477    600373
5478    600623
5479    002750
5480    603629
5481    300844
5482    002640
5483    002605
5484    600006
5485    688443
5486    600200
5487    603108
5488    600759
5489    000838
5490    002437
5491    600422
5492    600735
5493    300255
5494    301393
5495    300654
5496    605319
5497    301555
5498    605055
5499    833075
5500    002671
5501    300630
5502    688799
5503    603037
5504    600351
5505    300703
5506    300029
5507    603768
5508    002654
5509    003040
5510    300912
5511    600589
5512    002343
5513    603353
5514    000609
5515    300518
5516    600712
5517    600862
5518    603107
5519    603721
5520    873693
5521    000718
5522    301558
5523    002277
5524    300584
5525    603003
5526    301151
5527    605577
5528    600119
5529    301316
5530    001378
5531    300063
5532    000676
5533    300966
5534    300299
5535    300533
5536    300583
5537    300683
5538    002898
5539    002889
5540    833030
Name: , dtype: object